average sleep time in counter cycle: 38985.900000
average sleep time in ms: 541.470833
***********************************************************************************
No.1:	511
No.2:	4589
No.3:	9139
No.4:	11198
No.5:	11937
No.6:	14614
No.7:	14691
No.8:	14982
No.9:	16001
No.10:	17242
No.11:	20998
No.12:	21940
No.13:	22805
No.14:	23707
No.15:	24021
No.16:	24721
No.17:	26211
No.18:	26237
No.19:	27827
No.20:	30732
No.21:	32124
No.22:	33280
No.23:	35380
No.24:	39547
No.25:	40424
No.26:	40605
No.27:	41608
No.28:	43928
No.29:	44189
No.30:	45460
No.31:	50092
No.32:	51256
No.33:	51658
No.34:	51912
No.35:	52517
No.36:	56126
No.37:	56297
No.38:	57830
No.39:	58044
No.40:	59022
No.41:	59509
No.42:	59932
No.43:	60415
No.44:	61212
No.45:	61234
No.46:	64886
No.47:	65182
No.48:	68285
No.49:	71570
No.50:	71668
